Speed Lv1 @ 1 panels
	1	2	3	4	5	6	7	8	9	10	Attack
1	5.2	10.4	15.7	20.9	26.1	31.3	36.5	41.7	47.0	52.2
2	5.7	11.4	17.1	22.9	28.6	34.3	40.0	45.7	51.4	57.1
3	6.3	12.6	18.9	25.3	31.6	37.9	44.2	50.5	56.8	63.2
4	7.1	14.1	21.2	28.2	35.3	42.4	49.4	56.5	63.5	70.6
5	8.0	16.0	24.0	32.0	40.0	48.0	56.0	64.0	72.0	80.0
Charge

Speed Lv1 @ 2 panels
	1	2	3	4	5	6	7	8	9	10	Attack
1	5.0	10.1	15.1	20.2	25.2	30.3	35.3	40.3	45.4	50.4
2	5.5	11.0	16.5	22.0	27.5	33.0	38.5	44.0	49.5	55.0
3	6.1	12.1	18.2	24.2	30.3	36.4	42.4	48.5	54.5	60.6
4	6.7	13.5	20.2	27.0	33.7	40.4	47.2	53.9	60.7	67.4
5	7.6	15.2	22.8	30.4	38.0	45.6	53.2	60.8	68.4	75.9
Charge

Speed Lv1 @ 3 panels
	1	2	3	4	5	6	7	8	9	10	Attack
1	4.9	9.8	14.6	19.5	24.4	29.3	34.1	39.0	43.9	48.8
2	5.3	10.6	15.9	21.2	26.5	31.9	37.2	42.5	47.8	53.1
3	5.8	11.7	17.5	23.3	29.1	35.0	40.8	46.6	52.4	58.3
4	6.5	12.9	19.4	25.8	32.3	38.7	45.2	51.6	58.1	64.5
5	7.2	14.5	21.7	28.9	36.1	43.4	50.6	57.8	65.1	72.3
Charge

Speed Lv1 @ 4 panels
	1	2	3	4	5	6	7	8	9	10	Attack
1	4.7	9.4	14.2	18.9	23.6	28.3	33.1	37.8	42.5	47.2
2	5.1	10.3	15.4	20.5	25.6	30.8	35.9	41.0	46.2	51.3
3	5.6	11.2	16.8	22.4	28.0	33.6	39.3	44.9	50.5	56.1
4	6.2	12.4	18.6	24.7	30.9	37.1	43.3	49.5	55.7	61.9
5	6.9	13.8	20.7	27.6	34.5	41.4	48.3	55.2	62.1	69.0
Charge

Speed Lv1 @ 5 panels
	1	2	3	4	5	6	7	8	9	10	Attack
1	4.6	9.2	13.7	18.3	22.9	27.5	32.1	36.6	41.2	45.8
2	5.0	9.9	14.9	19.8	24.8	29.8	34.7	39.7	44.6	49.6
3	5.4	10.8	16.2	21.6	27.0	32.4	37.8	43.2	48.6	54.1
4	5.9	11.9	17.8	23.8	29.7	35.6	41.6	47.5	53.5	59.4
5	6.6	13.2	19.8	26.4	33.0	39.6	46.2	52.7	59.3	65.9
Charge

Speed Lv1 @ 6 panels
	1	2	3	4	5	6	7	8	9	10	Attack
1	4.4	8.9	13.3	17.8	22.2	26.7	31.1	35.6	40.0	44.4
2	4.8	9.6	14.4	19.2	24.0	28.8	33.6	38.4	43.2	48.0
3	5.2	10.4	15.7	20.9	26.1	31.3	36.5	41.7	47.0	52.2
4	5.7	11.4	17.1	22.9	28.6	34.3	40.0	45.7	51.4	57.1
5	6.3	12.6	18.9	25.3	31.6	37.9	44.2	50.5	56.8	63.2
Charge

Speed Lv2 @ 1 panels
	1	2	3	4	5	6	7	8	9	10	Attack
1	5.3	10.5	15.8	21.1	26.3	31.6	36.8	42.1	47.4	52.6
2	5.8	11.5	17.3	23.1	28.8	34.6	40.4	46.2	51.9	57.7
3	6.4	12.8	19.1	25.5	31.9	38.3	44.7	51.1	57.4	63.8
4	7.1	14.3	21.4	28.6	35.7	42.9	50.0	57.1	64.3	71.4
5	8.1	16.2	24.3	32.4	40.5	48.6	56.8	64.9	73.0	81.1
Charge

Speed Lv2 @ 2 panels
	1	2	3	4	5	6	7	8	9	10	Attack
1	5.1	10.2	15.3	20.3	25.4	30.5	35.6	40.7	45.8	50.8
2	5.6	11.1	16.7	22.2	27.8	33.3	38.9	44.4	50.0	55.6
3	6.1	12.2	18.4	24.5	30.6	36.7	42.9	49.0	55.1	61.2
4	6.8	13.6	20.5	27.3	34.1	40.9	47.7	54.5	61.4	68.2
5	7.7	15.4	23.1	30.8	38.5	46.2	53.8	61.5	69.2	76.9
Charge

Speed Lv2 @ 3 panels
	1	2	3	4	5	6	7	8	9	10	Attack
1	5.0	9.9	14.9	19.8	24.8	29.8	34.7	39.7	44.6	49.6
2	5.4	10.8	16.2	21.6	27.0	32.4	37.8	43.2	48.6	54.1
3	5.9	11.9	17.8	23.8	29.7	35.6	41.6	47.5	53.5	59.4
4	6.6	13.2	19.8	26.4	33.0	39.6	46.2	52.7	59.3	65.9
5	7.4	14.8	22.2	29.6	37.0	44.4	51.9	59.3	66.7	74.1
Charge

Speed Lv2 @ 4 panels
	1	2	3	4	5	6	7	8	9	10	Attack
1	4.8	9.6	14.4	19.2	24.0	28.8	33.6	38.4	43.2	48.0
2	5.2	10.4	15.7	20.9	26.1	31.3	36.5	41.7	47.0	52.2
3	5.7	11.4	17.1	22.9	28.6	34.3	40.0	45.7	51.4	57.1
4	6.3	12.6	18.9	25.3	31.6	37.9	44.2	50.5	56.8	63.2
5	7.1	14.1	21.2	28.2	35.3	42.4	49.4	56.5	63.5	70.6
Charge

Speed Lv2 @ 5 panels
	1	2	3	4	5	6	7	8	9	10	Attack
1	4.7	9.4	14.1	18.8	23.4	28.1	32.8	37.5	42.2	46.9
2	5.1	10.2	15.3	20.3	25.4	30.5	35.6	40.7	45.8	50.8
3	5.6	11.1	16.7	22.2	27.8	33.3	38.9	44.4	50.0	55.6
4	6.1	12.2	18.4	24.5	30.6	36.7	42.9	49.0	55.1	61.2
5	6.8	13.6	20.5	27.3	34.1	40.9	47.7	54.5	61.4	68.2
Charge

Speed Lv2 @ 6 panels
	1	2	3	4	5	6	7	8	9	10	Attack
1	4.6	9.2	13.7	18.3	22.9	27.5	32.1	36.6	41.2	45.8
2	5.0	9.9	14.9	19.8	24.8	29.8	34.7	39.7	44.6	49.6
3	5.4	10.8	16.2	21.6	27.0	32.4	37.8	43.2	48.6	54.1
4	5.9	11.9	17.8	23.8	29.7	35.6	41.6	47.5	53.5	59.4
5	6.6	13.2	19.8	26.4	33.0	39.6	46.2	52.7	59.3	65.9
Charge

Speed Lv3 @ 1 panels
	1	2	3	4	5	6	7	8	9	10	Attack
1	5.3	10.5	15.8	21.1	26.3	31.6	36.8	42.1	47.4	52.6
2	5.8	11.5	17.3	23.1	28.8	34.6	40.4	46.2	51.9	57.7
3	6.4	12.8	19.1	25.5	31.9	38.3	44.7	51.1	57.4	63.8
4	7.1	14.3	21.4	28.6	35.7	42.9	50.0	57.1	64.3	71.4
5	8.1	16.2	24.3	32.4	40.5	48.6	56.8	64.9	73.0	81.1
Charge

Speed Lv3 @ 2 panels
	1	2	3	4	5	6	7	8	9	10	Attack
1	5.1	10.3	15.4	20.5	25.6	30.8	35.9	41.0	46.2	51.3
2	5.6	11.2	16.8	22.4	28.0	33.6	39.3	44.9	50.5	56.1
3	6.2	12.4	18.6	24.7	30.9	37.1	43.3	49.5	55.7	61.9
4	6.9	13.8	20.7	27.6	34.5	41.4	48.3	55.2	62.1	69.0
5	7.8	15.6	23.4	31.2	39.0	46.8	54.5	62.3	70.1	77.9
Charge

Speed Lv3 @ 3 panels
	1	2	3	4	5	6	7	8	9	10	Attack
1	5.0	10.0	15.0	20.0	25.0	30.0	35.0	40.0	45.0	50.0
2	5.5	10.9	16.4	21.8	27.3	32.7	38.2	43.6	49.1	54.5
3	6.0	12.0	18.0	24.0	30.0	36.0	42.0	48.0	54.0	60.0
4	6.7	13.3	20.0	26.7	33.3	40.0	46.7	53.3	60.0	66.7
5	7.5	15.0	22.5	30.0	37.5	45.0	52.5	60.0	67.5	75.0
Charge

Speed Lv3 @ 4 panels
	1	2	3	4	5	6	7	8	9	10	Attack
1	4.9	9.8	14.6	19.5	24.4	29.3	34.1	39.0	43.9	48.8
2	5.3	10.6	15.9	21.2	26.5	31.9	37.2	42.5	47.8	53.1
3	5.8	11.7	17.5	23.3	29.1	35.0	40.8	46.6	52.4	58.3
4	6.5	12.9	19.4	25.8	32.3	38.7	45.2	51.6	58.1	64.5
5	7.2	14.5	21.7	28.9	36.1	43.4	50.6	57.8	65.1	72.3
Charge

Speed Lv3 @ 5 panels
	1	2	3	4	5	6	7	8	9	10	Attack
1	4.8	9.5	14.3	19.0	23.8	28.6	33.3	38.1	42.9	47.6
2	5.2	10.3	15.5	20.7	25.9	31.0	36.2	41.4	46.6	51.7
3	5.7	11.3	17.0	22.6	28.3	34.0	39.6	45.3	50.9	56.6
4	6.2	12.5	18.8	25.0	31.2	37.5	43.8	50.0	56.2	62.5
5	7.0	14.0	20.9	27.9	34.9	41.9	48.8	55.8	62.8	69.8
Charge

Speed Lv3 @ 6 panels
	1	2	3	4	5	6	7	8	9	10	Attack
1	4.7	9.4	14.1	18.8	23.4	28.1	32.8	37.5	42.2	46.9
2	5.1	10.2	15.3	20.3	25.4	30.5	35.6	40.7	45.8	50.8
3	5.6	11.1	16.7	22.2	27.8	33.3	38.9	44.4	50.0	55.6
4	6.1	12.2	18.4	24.5	30.6	36.7	42.9	49.0	55.1	61.2
5	6.8	13.6	20.5	27.3	34.1	40.9	47.7	54.5	61.4	68.2
Charge

Speed Lv4 @ 1 panels
	1	2	3	4	5	6	7	8	9	10	Attack
1	5.3	10.6	15.9	21.2	26.5	31.9	37.2	42.5	47.8	53.1
2	5.8	11.7	17.5	23.3	29.1	35.0	40.8	46.6	52.4	58.3
3	6.5	12.9	19.4	25.8	32.3	38.7	45.2	51.6	58.1	64.5
4	7.2	14.5	21.7	28.9	36.1	43.4	50.6	57.8	65.1	72.3
5	8.2	16.4	24.7	32.9	41.1	49.3	57.5	65.8	74.0	82.2
Charge

Speed Lv4 @ 2 panels
	1	2	3	4	5	6	7	8	9	10	Attack
1	5.2	10.4	15.7	20.9	26.1	31.3	36.5	41.7	47.0	52.2
2	5.7	11.4	17.1	22.9	28.6	34.3	40.0	45.7	51.4	57.1
3	6.3	12.6	18.9	25.3	31.6	37.9	44.2	50.5	56.8	63.2
4	7.1	14.1	21.2	28.2	35.3	42.4	49.4	56.5	63.5	70.6
5	8.0	16.0	24.0	32.0	40.0	48.0	56.0	64.0	72.0	80.0
Charge

Speed Lv4 @ 3 panels
	1	2	3	4	5	6	7	8	9	10	Attack
1	5.1	10.3	15.4	20.5	25.6	30.8	35.9	41.0	46.2	51.3
2	5.6	11.2	16.8	22.4	28.0	33.6	39.3	44.9	50.5	56.1
3	6.2	12.4	18.6	24.7	30.9	37.1	43.3	49.5	55.7	61.9
4	6.9	13.8	20.7	27.6	34.5	41.4	48.3	55.2	62.1	69.0
5	7.8	15.6	23.4	31.2	39.0	46.8	54.5	62.3	70.1	77.9
Charge

Speed Lv4 @ 4 panels
	1	2	3	4	5	6	7	8	9	10	Attack
1	5.0	10.1	15.1	20.2	25.2	30.3	35.3	40.3	45.4	50.4
2	5.5	11.0	16.5	22.0	27.5	33.0	38.5	44.0	49.5	55.0
3	6.1	12.1	18.2	24.2	30.3	36.4	42.4	48.5	54.5	60.6
4	6.7	13.5	20.2	27.0	33.7	40.4	47.2	53.9	60.7	67.4
5	7.6	15.2	22.8	30.4	38.0	45.6	53.2	60.8	68.4	75.9
Charge

Speed Lv4 @ 5 panels
	1	2	3	4	5	6	7	8	9	10	Attack
1	5.0	9.9	14.9	19.8	24.8	29.8	34.7	39.7	44.6	49.6
2	5.4	10.8	16.2	21.6	27.0	32.4	37.8	43.2	48.6	54.1
3	5.9	11.9	17.8	23.8	29.7	35.6	41.6	47.5	53.5	59.4
4	6.6	13.2	19.8	26.4	33.0	39.6	46.2	52.7	59.3	65.9
5	7.4	14.8	22.2	29.6	37.0	44.4	51.9	59.3	66.7	74.1
Charge

Speed Lv4 @ 6 panels
	1	2	3	4	5	6	7	8	9	10	Attack
1	4.9	9.8	14.6	19.5	24.4	29.3	34.1	39.0	43.9	48.8
2	5.3	10.6	15.9	21.2	26.5	31.9	37.2	42.5	47.8	53.1
3	5.8	11.7	17.5	23.3	29.1	35.0	40.8	46.6	52.4	58.3
4	6.5	12.9	19.4	25.8	32.3	38.7	45.2	51.6	58.1	64.5
5	7.2	14.5	21.7	28.9	36.1	43.4	50.6	57.8	65.1	72.3
Charge

Speed Lv5 @ 1 panels
	1	2	3	4	5	6	7	8	9	10	Attack
1	5.3	10.6	15.9	21.2	26.5	31.9	37.2	42.5	47.8	53.1
2	5.8	11.7	17.5	23.3	29.1	35.0	40.8	46.6	52.4	58.3
3	6.5	12.9	19.4	25.8	32.3	38.7	45.2	51.6	58.1	64.5
4	7.2	14.5	21.7	28.9	36.1	43.4	50.6	57.8	65.1	72.3
5	8.2	16.4	24.7	32.9	41.1	49.3	57.5	65.8	74.0	82.2
Charge

Speed Lv5 @ 2 panels
	1	2	3	4	5	6	7	8	9	10	Attack
1	5.3	10.5	15.8	21.1	26.3	31.6	36.8	42.1	47.4	52.6
2	5.8	11.5	17.3	23.1	28.8	34.6	40.4	46.2	51.9	57.7
3	6.4	12.8	19.1	25.5	31.9	38.3	44.7	51.1	57.4	63.8
4	7.1	14.3	21.4	28.6	35.7	42.9	50.0	57.1	64.3	71.4
5	8.1	16.2	24.3	32.4	40.5	48.6	56.8	64.9	73.0	81.1
Charge

Speed Lv5 @ 3 panels
	1	2	3	4	5	6	7	8	9	10	Attack
1	5.2	10.4	15.7	20.9	26.1	31.3	36.5	41.7	47.0	52.2
2	5.7	11.4	17.1	22.9	28.6	34.3	40.0	45.7	51.4	57.1
3	6.3	12.6	18.9	25.3	31.6	37.9	44.2	50.5	56.8	63.2
4	7.1	14.1	21.2	28.2	35.3	42.4	49.4	56.5	63.5	70.6
5	8.0	16.0	24.0	32.0	40.0	48.0	56.0	64.0	72.0	80.0
Charge

Speed Lv5 @ 4 panels
	1	2	3	4	5	6	7	8	9	10	Attack
1	5.2	10.3	15.5	20.7	25.9	31.0	36.2	41.4	46.6	51.7
2	5.7	11.3	17.0	22.6	28.3	34.0	39.6	45.3	50.9	56.6
3	6.2	12.5	18.8	25.0	31.2	37.5	43.8	50.0	56.2	62.5
4	7.0	14.0	20.9	27.9	34.9	41.9	48.8	55.8	62.8	69.8
5	7.9	15.8	23.7	31.6	39.5	47.4	55.3	63.2	71.1	78.9
Charge

Speed Lv5 @ 5 panels
	1	2	3	4	5	6	7	8	9	10	Attack
1	5.1	10.3	15.4	20.5	25.6	30.8	35.9	41.0	46.2	51.3
2	5.6	11.2	16.8	22.4	28.0	33.6	39.3	44.9	50.5	56.1
3	6.2	12.4	18.6	24.7	30.9	37.1	43.3	49.5	55.7	61.9
4	6.9	13.8	20.7	27.6	34.5	41.4	48.3	55.2	62.1	69.0
5	7.8	15.6	23.4	31.2	39.0	46.8	54.5	62.3	70.1	77.9
Charge

Speed Lv5 @ 6 panels
	1	2	3	4	5	6	7	8	9	10	Attack
1	5.1	10.2	15.3	20.3	25.4	30.5	35.6	40.7	45.8	50.8
2	5.6	11.1	16.7	22.2	27.8	33.3	38.9	44.4	50.0	55.6
3	6.1	12.2	18.4	24.5	30.6	36.7	42.9	49.0	55.1	61.2
4	6.8	13.6	20.5	27.3	34.1	40.9	47.7	54.5	61.4	68.2
5	7.7	15.4	23.1	30.8	38.5	46.2	53.8	61.5	69.2	76.9
Charge

