Attack Lv1 @ Charge Lv1:
	1	2	3	4	5	6	Panels
1	5.2	5.0	4.9	4.7	4.6	4.4
2	5.3	5.1	5.0	4.8	4.7	4.6
3	5.3	5.1	5.0	4.9	4.8	4.7
4	5.3	5.2	5.1	5.0	5.0	4.9
5	5.3	5.3	5.2	5.2	5.1	5.1
Speed

Attack Lv1 @ Charge Lv2:
	1	2	3	4	5	6	Panels
1	5.7	5.5	5.3	5.1	5.0	4.8
2	5.8	5.6	5.4	5.2	5.1	5.0
3	5.8	5.6	5.5	5.3	5.2	5.1
4	5.8	5.7	5.6	5.5	5.4	5.3
5	5.8	5.8	5.7	5.7	5.6	5.6
Speed

Attack Lv1 @ Charge Lv3:
	1	2	3	4	5	6	Panels
1	6.3	6.1	5.8	5.6	5.4	5.2
2	6.4	6.1	5.9	5.7	5.6	5.4
3	6.4	6.2	6.0	5.8	5.7	5.6
4	6.5	6.3	6.2	6.1	5.9	5.8
5	6.5	6.4	6.3	6.2	6.2	6.1
Speed

Attack Lv1 @ Charge Lv4:
	1	2	3	4	5	6	Panels
1	7.1	6.7	6.5	6.2	5.9	5.7
2	7.1	6.8	6.6	6.3	6.1	5.9
3	7.1	6.9	6.7	6.5	6.2	6.1
4	7.2	7.1	6.9	6.7	6.6	6.5
5	7.2	7.1	7.1	7.0	6.9	6.8
Speed

Attack Lv1 @ Charge Lv5:
	1	2	3	4	5	6	Panels
1	8.0	7.6	7.2	6.9	6.6	6.3
2	8.1	7.7	7.4	7.1	6.8	6.6
3	8.1	7.8	7.5	7.2	7.0	6.8
4	8.2	8.0	7.8	7.6	7.4	7.2
5	8.2	8.1	8.0	7.9	7.8	7.7
Speed

Attack Lv2 @ Charge Lv1:
	1	2	3	4	5	6	Panels
1	10.4	10.1	9.8	9.4	9.2	8.9
2	10.5	10.2	9.9	9.6	9.4	9.2
3	10.5	10.3	10.0	9.8	9.5	9.4
4	10.6	10.4	10.3	10.1	9.9	9.8
5	10.6	10.5	10.4	10.3	10.3	10.2
Speed

Attack Lv2 @ Charge Lv2:
	1	2	3	4	5	6	Panels
1	11.4	11.0	10.6	10.3	9.9	9.6
2	11.5	11.1	10.8	10.4	10.2	9.9
3	11.5	11.2	10.9	10.6	10.3	10.2
4	11.7	11.4	11.2	11.0	10.8	10.6
5	11.7	11.5	11.4	11.3	11.2	11.1
Speed

Attack Lv2 @ Charge Lv3:
	1	2	3	4	5	6	Panels
1	12.6	12.1	11.7	11.2	10.8	10.4
2	12.8	12.2	11.9	11.4	11.1	10.8
3	12.8	12.4	12.0	11.7	11.3	11.1
4	12.9	12.6	12.4	12.1	11.9	11.7
5	12.9	12.8	12.6	12.5	12.4	12.2
Speed

Attack Lv2 @ Charge Lv4:
	1	2	3	4	5	6	Panels
1	14.1	13.5	12.9	12.4	11.9	11.4
2	14.3	13.6	13.2	12.6	12.2	11.9
3	14.3	13.8	13.3	12.9	12.5	12.2
4	14.5	14.1	13.8	13.5	13.2	12.9
5	14.5	14.3	14.1	14.0	13.8	13.6
Speed

Attack Lv2 @ Charge Lv5:
	1	2	3	4	5	6	Panels
1	16.0	15.2	14.5	13.8	13.2	12.6
2	16.2	15.4	14.8	14.1	13.6	13.2
3	16.2	15.6	15.0	14.5	14.0	13.6
4	16.4	16.0	15.6	15.2	14.8	14.5
5	16.4	16.2	16.0	15.8	15.6	15.4
Speed

Attack Lv3 @ Charge Lv1:
	1	2	3	4	5	6	Panels
1	15.7	15.1	14.6	14.2	13.7	13.3
2	15.8	15.3	14.9	14.4	14.1	13.7
3	15.8	15.4	15.0	14.6	14.3	14.1
4	15.9	15.7	15.4	15.1	14.9	14.6
5	15.9	15.8	15.7	15.5	15.4	15.3
Speed

Attack Lv3 @ Charge Lv2:
	1	2	3	4	5	6	Panels
1	17.1	16.5	15.9	15.4	14.9	14.4
2	17.3	16.7	16.2	15.7	15.3	14.9
3	17.3	16.8	16.4	15.9	15.5	15.3
4	17.5	17.1	16.8	16.5	16.2	15.9
5	17.5	17.3	17.1	17.0	16.8	16.7
Speed

Attack Lv3 @ Charge Lv3:
	1	2	3	4	5	6	Panels
1	18.9	18.2	17.5	16.8	16.2	15.7
2	19.1	18.4	17.8	17.1	16.7	16.2
3	19.1	18.6	18.0	17.5	17.0	16.7
4	19.4	18.9	18.6	18.2	17.8	17.5
5	19.4	19.1	18.9	18.8	18.6	18.4
Speed

Attack Lv3 @ Charge Lv4:
	1	2	3	4	5	6	Panels
1	21.2	20.2	19.4	18.6	17.8	17.1
2	21.4	20.5	19.8	18.9	18.4	17.8
3	21.4	20.7	20.0	19.4	18.8	18.4
4	21.7	21.2	20.7	20.2	19.8	19.4
5	21.7	21.4	21.2	20.9	20.7	20.5
Speed

Attack Lv3 @ Charge Lv5:
	1	2	3	4	5	6	Panels
1	24.0	22.8	21.7	20.7	19.8	18.9
2	24.3	23.1	22.2	21.2	20.5	19.8
3	24.3	23.4	22.5	21.7	20.9	20.5
4	24.7	24.0	23.4	22.8	22.2	21.7
5	24.7	24.3	24.0	23.7	23.4	23.1
Speed

Attack Lv4 @ Charge Lv1:
	1	2	3	4	5	6	Panels
1	20.9	20.2	19.5	18.9	18.3	17.8
2	21.1	20.3	19.8	19.2	18.8	18.3
3	21.1	20.5	20.0	19.5	19.0	18.8
4	21.2	20.9	20.5	20.2	19.8	19.5
5	21.2	21.1	20.9	20.7	20.5	20.3
Speed

Attack Lv4 @ Charge Lv2:
	1	2	3	4	5	6	Panels
1	22.9	22.0	21.2	20.5	19.8	19.2
2	23.1	22.2	21.6	20.9	20.3	19.8
3	23.1	22.4	21.8	21.2	20.7	20.3
4	23.3	22.9	22.4	22.0	21.6	21.2
5	23.3	23.1	22.9	22.6	22.4	22.2
Speed

Attack Lv4 @ Charge Lv3:
	1	2	3	4	5	6	Panels
1	25.3	24.2	23.3	22.4	21.6	20.9
2	25.5	24.5	23.8	22.9	22.2	21.6
3	25.5	24.7	24.0	23.3	22.6	22.2
4	25.8	25.3	24.7	24.2	23.8	23.3
5	25.8	25.5	25.3	25.0	24.7	24.5
Speed

Attack Lv4 @ Charge Lv4:
	1	2	3	4	5	6	Panels
1	28.2	27.0	25.8	24.7	23.8	22.9
2	28.6	27.3	26.4	25.3	24.5	23.8
3	28.6	27.6	26.7	25.8	25.0	24.5
4	28.9	28.2	27.6	27.0	26.4	25.8
5	28.9	28.6	28.2	27.9	27.6	27.3
Speed

Attack Lv4 @ Charge Lv5:
	1	2	3	4	5	6	Panels
1	32.0	30.4	28.9	27.6	26.4	25.3
2	32.4	30.8	29.6	28.2	27.3	26.4
3	32.4	31.2	30.0	28.9	27.9	27.3
4	32.9	32.0	31.2	30.4	29.6	28.9
5	32.9	32.4	32.0	31.6	31.2	30.8
Speed

Attack Lv5 @ Charge Lv1:
	1	2	3	4	5	6	Panels
1	26.1	25.2	24.4	23.6	22.9	22.2
2	26.3	25.4	24.8	24.0	23.4	22.9
3	26.3	25.6	25.0	24.4	23.8	23.4
4	26.5	26.1	25.6	25.2	24.8	24.4
5	26.5	26.3	26.1	25.9	25.6	25.4
Speed

Attack Lv5 @ Charge Lv2:
	1	2	3	4	5	6	Panels
1	28.6	27.5	26.5	25.6	24.8	24.0
2	28.8	27.8	27.0	26.1	25.4	24.8
3	28.8	28.0	27.3	26.5	25.9	25.4
4	29.1	28.6	28.0	27.5	27.0	26.5
5	29.1	28.8	28.6	28.3	28.0	27.8
Speed

Attack Lv5 @ Charge Lv3:
	1	2	3	4	5	6	Panels
1	31.6	30.3	29.1	28.0	27.0	26.1
2	31.9	30.6	29.7	28.6	27.8	27.0
3	31.9	30.9	30.0	29.1	28.3	27.8
4	32.3	31.6	30.9	30.3	29.7	29.1
5	32.3	31.9	31.6	31.2	30.9	30.6
Speed

Attack Lv5 @ Charge Lv4:
	1	2	3	4	5	6	Panels
1	35.3	33.7	32.3	30.9	29.7	28.6
2	35.7	34.1	33.0	31.6	30.6	29.7
3	35.7	34.5	33.3	32.3	31.2	30.6
4	36.1	35.3	34.5	33.7	33.0	32.3
5	36.1	35.7	35.3	34.9	34.5	34.1
Speed

Attack Lv5 @ Charge Lv5:
	1	2	3	4	5	6	Panels
1	40.0	38.0	36.1	34.5	33.0	31.6
2	40.5	38.5	37.0	35.3	34.1	33.0
3	40.5	39.0	37.5	36.1	34.9	34.1
4	41.1	40.0	39.0	38.0	37.0	36.1
5	41.1	40.5	40.0	39.5	39.0	38.5
Speed

Attack Lv6 @ Charge Lv1:
	1	2	3	4	5	6	Panels
1	31.3	30.3	29.3	28.3	27.5	26.7
2	31.6	30.5	29.8	28.8	28.1	27.5
3	31.6	30.8	30.0	29.3	28.6	28.1
4	31.9	31.3	30.8	30.3	29.8	29.3
5	31.9	31.6	31.3	31.0	30.8	30.5
Speed

Attack Lv6 @ Charge Lv2:
	1	2	3	4	5	6	Panels
1	34.3	33.0	31.9	30.8	29.8	28.8
2	34.6	33.3	32.4	31.3	30.5	29.8
3	34.6	33.6	32.7	31.9	31.0	30.5
4	35.0	34.3	33.6	33.0	32.4	31.9
5	35.0	34.6	34.3	34.0	33.6	33.3
Speed

Attack Lv6 @ Charge Lv3:
	1	2	3	4	5	6	Panels
1	37.9	36.4	35.0	33.6	32.4	31.3
2	38.3	36.7	35.6	34.3	33.3	32.4
3	38.3	37.1	36.0	35.0	34.0	33.3
4	38.7	37.9	37.1	36.4	35.6	35.0
5	38.7	38.3	37.9	37.5	37.1	36.7
Speed

Attack Lv6 @ Charge Lv4:
	1	2	3	4	5	6	Panels
1	42.4	40.4	38.7	37.1	35.6	34.3
2	42.9	40.9	39.6	37.9	36.7	35.6
3	42.9	41.4	40.0	38.7	37.5	36.7
4	43.4	42.4	41.4	40.4	39.6	38.7
5	43.4	42.9	42.4	41.9	41.4	40.9
Speed

Attack Lv6 @ Charge Lv5:
	1	2	3	4	5	6	Panels
1	48.0	45.6	43.4	41.4	39.6	37.9
2	48.6	46.2	44.4	42.4	40.9	39.6
3	48.6	46.8	45.0	43.4	41.9	40.9
4	49.3	48.0	46.8	45.6	44.4	43.4
5	49.3	48.6	48.0	47.4	46.8	46.2
Speed

Attack Lv7 @ Charge Lv1:
	1	2	3	4	5	6	Panels
1	36.5	35.3	34.1	33.1	32.1	31.1
2	36.8	35.6	34.7	33.6	32.8	32.1
3	36.8	35.9	35.0	34.1	33.3	32.8
4	37.2	36.5	35.9	35.3	34.7	34.1
5	37.2	36.8	36.5	36.2	35.9	35.6
Speed

Attack Lv7 @ Charge Lv2:
	1	2	3	4	5	6	Panels
1	40.0	38.5	37.2	35.9	34.7	33.6
2	40.4	38.9	37.8	36.5	35.6	34.7
3	40.4	39.3	38.2	37.2	36.2	35.6
4	40.8	40.0	39.3	38.5	37.8	37.2
5	40.8	40.4	40.0	39.6	39.3	38.9
Speed

Attack Lv7 @ Charge Lv3:
	1	2	3	4	5	6	Panels
1	44.2	42.4	40.8	39.3	37.8	36.5
2	44.7	42.9	41.6	40.0	38.9	37.8
3	44.7	43.3	42.0	40.8	39.6	38.9
4	45.2	44.2	43.3	42.4	41.6	40.8
5	45.2	44.7	44.2	43.8	43.3	42.9
Speed

Attack Lv7 @ Charge Lv4:
	1	2	3	4	5	6	Panels
1	49.4	47.2	45.2	43.3	41.6	40.0
2	50.0	47.7	46.2	44.2	42.9	41.6
3	50.0	48.3	46.7	45.2	43.8	42.9
4	50.6	49.4	48.3	47.2	46.2	45.2
5	50.6	50.0	49.4	48.8	48.3	47.7
Speed

Attack Lv7 @ Charge Lv5:
	1	2	3	4	5	6	Panels
1	56.0	53.2	50.6	48.3	46.2	44.2
2	56.8	53.8	51.9	49.4	47.7	46.2
3	56.8	54.5	52.5	50.6	48.8	47.7
4	57.5	56.0	54.5	53.2	51.9	50.6
5	57.5	56.8	56.0	55.3	54.5	53.8
Speed

Attack Lv8 @ Charge Lv1:
	1	2	3	4	5	6	Panels
1	41.7	40.3	39.0	37.8	36.6	35.6
2	42.1	40.7	39.7	38.4	37.5	36.6
3	42.1	41.0	40.0	39.0	38.1	37.5
4	42.5	41.7	41.0	40.3	39.7	39.0
5	42.5	42.1	41.7	41.4	41.0	40.7
Speed

Attack Lv8 @ Charge Lv2:
	1	2	3	4	5	6	Panels
1	45.7	44.0	42.5	41.0	39.7	38.4
2	46.2	44.4	43.2	41.7	40.7	39.7
3	46.2	44.9	43.6	42.5	41.4	40.7
4	46.6	45.7	44.9	44.0	43.2	42.5
5	46.6	46.2	45.7	45.3	44.9	44.4
Speed

Attack Lv8 @ Charge Lv3:
	1	2	3	4	5	6	Panels
1	50.5	48.5	46.6	44.9	43.2	41.7
2	51.1	49.0	47.5	45.7	44.4	43.2
3	51.1	49.5	48.0	46.6	45.3	44.4
4	51.6	50.5	49.5	48.5	47.5	46.6
5	51.6	51.1	50.5	50.0	49.5	49.0
Speed

Attack Lv8 @ Charge Lv4:
	1	2	3	4	5	6	Panels
1	56.5	53.9	51.6	49.5	47.5	45.7
2	57.1	54.5	52.7	50.5	49.0	47.5
3	57.1	55.2	53.3	51.6	50.0	49.0
4	57.8	56.5	55.2	53.9	52.7	51.6
5	57.8	57.1	56.5	55.8	55.2	54.5
Speed

Attack Lv8 @ Charge Lv5:
	1	2	3	4	5	6	Panels
1	64.0	60.8	57.8	55.2	52.7	50.5
2	64.9	61.5	59.3	56.5	54.5	52.7
3	64.9	62.3	60.0	57.8	55.8	54.5
4	65.8	64.0	62.3	60.8	59.3	57.8
5	65.8	64.9	64.0	63.2	62.3	61.5
Speed

Attack Lv9 @ Charge Lv1:
	1	2	3	4	5	6	Panels
1	47.0	45.4	43.9	42.5	41.2	40.0
2	47.4	45.8	44.6	43.2	42.2	41.2
3	47.4	46.2	45.0	43.9	42.9	42.2
4	47.8	47.0	46.2	45.4	44.6	43.9
5	47.8	47.4	47.0	46.6	46.2	45.8
Speed

Attack Lv9 @ Charge Lv2:
	1	2	3	4	5	6	Panels
1	51.4	49.5	47.8	46.2	44.6	43.2
2	51.9	50.0	48.6	47.0	45.8	44.6
3	51.9	50.5	49.1	47.8	46.6	45.8
4	52.4	51.4	50.5	49.5	48.6	47.8
5	52.4	51.9	51.4	50.9	50.5	50.0
Speed

Attack Lv9 @ Charge Lv3:
	1	2	3	4	5	6	Panels
1	56.8	54.5	52.4	50.5	48.6	47.0
2	57.4	55.1	53.5	51.4	50.0	48.6
3	57.4	55.7	54.0	52.4	50.9	50.0
4	58.1	56.8	55.7	54.5	53.5	52.4
5	58.1	57.4	56.8	56.2	55.7	55.1
Speed

Attack Lv9 @ Charge Lv4:
	1	2	3	4	5	6	Panels
1	63.5	60.7	58.1	55.7	53.5	51.4
2	64.3	61.4	59.3	56.8	55.1	53.5
3	64.3	62.1	60.0	58.1	56.2	55.1
4	65.1	63.5	62.1	60.7	59.3	58.1
5	65.1	64.3	63.5	62.8	62.1	61.4
Speed

Attack Lv9 @ Charge Lv5:
	1	2	3	4	5	6	Panels
1	72.0	68.4	65.1	62.1	59.3	56.8
2	73.0	69.2	66.7	63.5	61.4	59.3
3	73.0	70.1	67.5	65.1	62.8	61.4
4	74.0	72.0	70.1	68.4	66.7	65.1
5	74.0	73.0	72.0	71.1	70.1	69.2
Speed

Attack Lv10 @ Charge Lv1:
	1	2	3	4	5	6	Panels
1	52.2	50.4	48.8	47.2	45.8	44.4
2	52.6	50.8	49.6	48.0	46.9	45.8
3	52.6	51.3	50.0	48.8	47.6	46.9
4	53.1	52.2	51.3	50.4	49.6	48.8
5	53.1	52.6	52.2	51.7	51.3	50.8
Speed

Attack Lv10 @ Charge Lv2:
	1	2	3	4	5	6	Panels
1	57.1	55.0	53.1	51.3	49.6	48.0
2	57.7	55.6	54.1	52.2	50.8	49.6
3	57.7	56.1	54.5	53.1	51.7	50.8
4	58.3	57.1	56.1	55.0	54.1	53.1
5	58.3	57.7	57.1	56.6	56.1	55.6
Speed

Attack Lv10 @ Charge Lv3:
	1	2	3	4	5	6	Panels
1	63.2	60.6	58.3	56.1	54.1	52.2
2	63.8	61.2	59.4	57.1	55.6	54.1
3	63.8	61.9	60.0	58.3	56.6	55.6
4	64.5	63.2	61.9	60.6	59.4	58.3
5	64.5	63.8	63.2	62.5	61.9	61.2
Speed

Attack Lv10 @ Charge Lv4:
	1	2	3	4	5	6	Panels
1	70.6	67.4	64.5	61.9	59.4	57.1
2	71.4	68.2	65.9	63.2	61.2	59.4
3	71.4	69.0	66.7	64.5	62.5	61.2
4	72.3	70.6	69.0	67.4	65.9	64.5
5	72.3	71.4	70.6	69.8	69.0	68.2
Speed

Attack Lv10 @ Charge Lv5:
	1	2	3	4	5	6	Panels
1	80.0	75.9	72.3	69.0	65.9	63.2
2	81.1	76.9	74.1	70.6	68.2	65.9
3	81.1	77.9	75.0	72.3	69.8	68.2
4	82.2	80.0	77.9	75.9	74.1	72.3
5	82.2	81.1	80.0	78.9	77.9	76.9
Speed

