DPS (w/ Flashing)

Gregar cross DPS:

Heat:
	1		2		3		4		5		Attack
1	21.9 (21.9)	30.7 (30.7)	39.4 (39.4)	48.2 (48.2)	56.9 (56.9)
2	23.6 (23.6)	33.1 (33.1)	42.5 (42.5)	52.0 (52.0)	61.4 (61.4)
3	25.6 (25.0)	35.9 (35.0)	46.2 (45.0)	56.4 (55.0)	66.7 (65.0)
4	26.8 (25.0)	37.5 (35.0)	48.2 (45.0)	58.9 (55.0)	69.6 (65.0)
5	28.0 (25.0)	39.3 (35.0)	50.5 (45.0)	61.7 (55.0)	72.9 (65.0)
Charge

Elec:
	1		2		3		4		5		Attack
1	29.5 (29.5)	39.3 (39.3)	49.2 (49.2)	59.0 (59.0)	68.9 (68.9)
2	32.1 (30.0)	42.9 (40.0)	53.6 (50.0)	64.3 (60.0)	75.0 (70.0)
3	35.3 (30.0)	47.1 (40.0)	58.8 (50.0)	70.6 (60.0)	82.4 (70.0)
4	37.1 (30.0)	49.5 (40.0)	61.9 (50.0)	74.2 (60.0)	86.6 (70.0)
5	39.1 (30.0)	52.2 (40.0)	65.2 (50.0)	78.3 (60.0)	91.3 (70.0)
Charge

Slash:
	1		2		3		4		5		Attack
1	43.6 (40.0)	54.5 (50.0)	65.5 (60.0)	76.4 (70.0)	87.3 (80.0)
2	48.0 (40.0)	60.0 (50.0)	72.0 (60.0)	84.0 (70.0)	96.0 (80.0)
3	53.3 (40.0)	66.7 (50.0)	80.0 (60.0)	93.3 (70.0)	106.7 (80.0)
4	56.5 (40.0)	70.6 (50.0)	84.7 (60.0)	98.8 (70.0)	112.9 (80.0)
5	60.0 (40.0)	75.0 (50.0)	90.0 (60.0)	105.0 (70.0)	120.0 (80.0)
Charge

Erase:
	1		2		3		4		5		Attack
1	19.8 (19.8)	26.4 (26.4)	33.0 (33.0)	39.6 (39.6)	46.2 (46.2)
2	20.9 (20.9)	27.9 (27.9)	34.9 (34.9)	41.9 (41.9)	48.8 (48.8)
3	22.2 (22.2)	29.6 (29.6)	37.0 (37.0)	44.4 (44.4)	51.9 (51.9)
4	22.9 (22.9)	30.6 (30.6)	38.2 (38.2)	45.9 (45.9)	53.5 (53.5)
5	23.7 (23.7)	31.6 (31.6)	39.5 (39.5)	47.4 (47.4)	55.3 (55.3)
Charge

Charge (1 panel):
	1		2		3		4		5		Attack
1	21.9 (21.9)	30.7 (30.7)	39.4 (39.4)	48.2 (48.2)	56.9 (56.9)
2	23.6 (23.6)	33.1 (33.1)	42.5 (42.5)	52.0 (52.0)	61.4 (61.4)
3	25.6 (25.0)	35.9 (35.0)	46.2 (45.0)	56.4 (55.0)	66.7 (65.0)
4	26.8 (25.0)	37.5 (35.0)	48.2 (45.0)	58.9 (55.0)	69.6 (65.0)
5	28.0 (25.0)	39.3 (35.0)	50.5 (45.0)	61.7 (55.0)	72.9 (65.0)
Charge

Charge (2 panels):
	1		2		3		4		5		Attack
1	21.4 (21.4)	30.0 (30.0)	38.6 (38.6)	47.1 (47.1)	55.7 (55.7)
2	23.1 (23.1)	32.3 (32.3)	41.5 (41.5)	50.8 (50.8)	60.0 (60.0)
3	25.0 (25.0)	35.0 (35.0)	45.0 (45.0)	55.0 (55.0)	65.0 (65.0)
4	26.1 (25.0)	36.5 (35.0)	47.0 (45.0)	57.4 (55.0)	67.8 (65.0)
5	27.3 (25.0)	38.2 (35.0)	49.1 (45.0)	60.0 (55.0)	70.9 (65.0)
Charge

Charge (3 panels):
	1		2		3		4		5		Attack
1	20.8 (20.8)	29.2 (29.2)	37.5 (37.5)	45.8 (45.8)	54.2 (54.2)
2	22.4 (22.4)	31.3 (31.3)	40.3 (40.3)	49.3 (49.3)	58.2 (58.2)
3	24.2 (24.2)	33.9 (33.9)	43.5 (43.5)	53.2 (53.2)	62.9 (62.9)
4	25.2 (25.0)	35.3 (35.0)	45.4 (45.0)	55.5 (55.0)	65.5 (65.0)
5	26.3 (25.0)	36.8 (35.0)	47.4 (45.0)	57.9 (55.0)	68.4 (65.0)
Charge

Falzar cross DPS:

Spout:
	1		2		3		4		5		Attack
1	21.7 (15.0)	28.9 (20.0)	36.1 (25.0)	43.4 (30.0)	50.6 (35.0)
2	24.7 (15.0)	32.9 (20.0)	41.1 (25.0)	49.3 (30.0)	57.5 (35.0)
3	28.6 (15.0)	38.1 (20.0)	47.6 (25.0)	57.1 (30.0)	66.7 (35.0)
4	34.0 (15.0)	45.3 (20.0)	56.6 (25.0)	67.9 (30.0)	79.2 (35.0)
5	41.9 (15.0)	55.8 (20.0)	69.8 (25.0)	83.7 (30.0)	97.7 (35.0)
Charge

Tomahawk:
	1		2		3		4		5		Attack
1	22.0 (22.0)	29.3 (29.3)	36.6 (36.6)	43.9 (43.9)	51.2 (51.2)
2	23.4 (23.4)	31.2 (31.2)	39.0 (39.0)	46.8 (46.8)	54.5 (54.5)
3	25.0 (25.0)	33.3 (33.3)	41.7 (41.7)	50.0 (50.0)	58.3 (58.3)
4	25.9 (25.9)	34.5 (34.5)	43.2 (43.2)	51.8 (51.8)	60.4 (60.4)
5	26.9 (26.9)	35.8 (35.8)	44.8 (44.8)	53.7 (53.7)	62.7 (62.7)
Charge

Tengu:
	1		2		3		4		5		Attack
1	28.1 (28.1)	37.5 (37.5)	46.9 (46.9)	56.2 (56.2)	65.6 (65.6)
2	30.5 (30.5)	40.7 (40.7)	50.8 (50.8)	61.0 (61.0)	71.2 (71.2)
3	33.3 (33.3)	44.4 (44.4)	55.6 (55.6)	66.7 (66.7)	77.8 (77.8)
4	35.0 (35.0)	46.6 (46.6)	58.3 (58.3)	69.9 (69.9)	81.6 (81.6)
5	36.7 (36.7)	49.0 (49.0)	61.2 (61.2)	73.5 (73.5)	85.7 (85.7)
Charge

Ground:
	1		2		3		4		5		Attack
1	19.4 (19.4)	29.0 (29.0)	38.7 (38.7)	48.4 (48.4)	58.1 (58.1)
2	20.5 (20.5)	30.7 (30.7)	40.9 (40.9)	51.1 (51.1)	61.4 (61.4)
3	21.7 (21.7)	32.5 (32.5)	43.4 (43.4)	54.2 (54.2)	65.1 (65.1)
4	22.4 (22.4)	33.5 (33.5)	44.7 (44.7)	55.9 (55.9)	67.1 (67.1)
5	23.1 (23.1)	34.6 (34.6)	46.2 (46.2)	57.7 (57.7)	69.2 (69.2)
Charge

Dust:
	1		2		3		4		5		Attack
1	31.0 (30.0)	36.2 (35.0)	41.4 (40.0)	46.6 (45.0)	51.7 (50.0)
2	34.0 (30.0)	39.6 (35.0)	45.3 (40.0)	50.9 (45.0)	56.6 (50.0)
3	37.5 (30.0)	43.8 (35.0)	50.0 (40.0)	56.2 (45.0)	62.5 (50.0)
4	39.6 (30.0)	46.2 (35.0)	52.7 (40.0)	59.3 (45.0)	65.9 (50.0)
5	41.9 (30.0)	48.8 (35.0)	55.8 (40.0)	62.8 (45.0)	69.8 (50.0)
Charge