Attack Lv1:

Buster Bug MAX DPS:
	1	2	3	4	5	6	Panels
1	33.3	27.3	23.1	20.0	17.6	15.8
2	35.3	28.6	25.0	21.4	19.4	17.6
3	35.3	30.0	26.1	23.1	20.7	19.4
4	37.5	33.3	30.0	27.3	25.0	23.1
5	37.5	35.3	33.3	31.6	30.0	28.6
Speed

Buster Bug Lv3 AVG DPS:
	1	2	3	4	5	6	Panels
1	6.5	5.3	4.5	3.9	3.4	3.3
2	6.9	5.8	4.9	4.3	3.8	3.8
3	7.3	6.1	5.3	4.6	4.2	4.2
4	8.3	7.2	6.4	5.8	5.2	5.1
5	8.8	8.2	7.6	7.1	6.7	6.6
Speed

Buster Bug Lv2 AVG DPS:
	1	2	3	4	5	6	Panels
1	5.6	4.5	3.7	3.2	2.8	2.7
2	6.0	4.9	4.1	3.5	3.2	3.0
3	6.2	5.1	4.4	3.8	3.5	3.4
4	7.0	6.1	5.3	4.8	4.3	4.2
5	7.3	6.8	6.3	5.9	5.5	5.4
Speed

Buster Bug Lv1 AVG DPS:
	1	2	3	4	5	6	Panels
1	4.8	3.8	3.1	2.7	2.3	2.1
2	5.2	4.1	3.4	2.9	2.6	2.4
3	5.3	4.3	3.7	3.2	2.8	2.7
4	5.9	5.1	4.4	3.9	3.6	3.3
5	6.1	5.6	5.2	4.9	4.5	4.4
Speed


Attack Lv2:

Buster Bug MAX DPS:
	1	2	3	4	5	6	Panels
1	66.7	54.5	46.2	40.0	35.3	31.6
2	70.6	57.1	50.0	42.9	38.7	35.3
3	70.6	60.0	52.2	46.2	41.4	38.7
4	75.0	66.7	60.0	54.5	50.0	46.2
5	75.0	70.6	66.7	63.2	60.0	57.1
Speed

Buster Bug Lv3 AVG DPS:
	1	2	3	4	5	6	Panels
1	13.1	10.6	8.9	7.7	6.8	6.6
2	13.9	11.6	9.7	8.5	7.7	7.5
3	14.6	12.2	10.5	9.2	8.5	8.4
4	16.6	14.5	12.8	11.5	10.4	10.3
5	17.6	16.4	15.3	14.3	13.4	13.3
Speed

Buster Bug Lv2 AVG DPS:
	1	2	3	4	5	6	Panels
1	11.2	8.9	7.5	6.4	5.6	5.4
2	11.9	9.7	8.1	7.1	6.3	6.1
3	12.4	10.3	8.8	7.7	7.0	6.8
4	14.0	12.1	10.7	9.5	8.6	8.3
5	14.7	13.6	12.6	11.8	11.1	10.8
Speed

Buster Bug Lv1 AVG DPS:
	1	2	3	4	5	6	Panels
1	9.6	7.6	6.2	5.3	4.6	4.3
2	10.3	8.2	6.8	5.8	5.2	4.9
3	10.6	8.7	7.3	6.4	5.7	5.4
4	11.8	10.1	8.9	7.9	7.1	6.7
5	12.2	11.2	10.4	9.7	9.1	8.7
Speed


Attack Lv3:

Buster Bug MAX DPS:
	1	2	3	4	5	6	Panels
1	100.0	81.8	69.2	60.0	52.9	47.4
2	105.9	85.7	75.0	64.3	58.1	52.9
3	105.9	90.0	78.3	69.2	62.1	58.1
4	112.5	100.0	90.0	81.8	75.0	69.2
5	112.5	105.9	100.0	94.7	90.0	85.7
Speed

Buster Bug Lv3 AVG DPS:
	1	2	3	4	5	6	Panels
1	19.6	15.9	13.4	11.6	10.2	9.9
2	20.8	17.4	14.6	12.8	11.5	11.3
3	22.0	18.4	15.8	13.8	12.7	12.5
4	24.9	21.7	19.2	17.3	15.7	15.4
5	26.5	24.5	22.9	21.4	20.1	19.9
Speed

Buster Bug Lv2 AVG DPS:
	1	2	3	4	5	6	Panels
1	16.7	13.4	11.2	9.6	8.4	8.0
2	17.9	14.6	12.2	10.6	9.5	9.1
3	18.6	15.4	13.2	11.5	10.4	10.1
4	21.0	18.2	16.0	14.3	12.9	12.5
5	22.0	20.4	18.9	17.7	16.6	16.2
Speed

Buster Bug Lv1 AVG DPS:
	1	2	3	4	5	6	Panels
1	14.4	11.4	9.4	8.0	6.9	6.4
2	15.5	12.3	10.3	8.7	7.8	7.3
3	15.9	13.0	11.0	9.5	8.5	8.1
4	17.7	15.2	13.3	11.8	10.7	10.0
5	18.3	16.8	15.6	14.6	13.6	13.1
Speed


Attack Lv4:

Buster Bug MAX DPS:
	1	2	3	4	5	6	Panels
1	133.3	109.1	92.3	80.0	70.6	63.2
2	141.2	114.3	100.0	85.7	77.4	70.6
3	141.2	120.0	104.3	92.3	82.8	77.4
4	150.0	133.3	120.0	109.1	100.0	92.3
5	150.0	141.2	133.3	126.3	120.0	114.3
Speed

Buster Bug Lv3 AVG DPS:
	1	2	3	4	5	6	Panels
1	26.2	21.2	17.9	15.4	13.6	13.3
2	27.8	23.2	19.4	17.1	15.3	15.0
3	29.3	24.5	21.1	18.5	16.9	16.7
4	33.2	28.9	25.6	23.0	20.9	20.5
5	35.3	32.7	30.5	28.6	26.9	26.6
Speed

Buster Bug Lv2 AVG DPS:
	1	2	3	4	5	6	Panels
1	22.3	17.9	14.9	12.8	11.2	10.7
2	23.8	19.5	16.3	14.1	12.6	12.2
3	24.8	20.6	17.6	15.3	13.9	13.5
4	28.0	24.2	21.3	19.1	17.2	16.6
5	29.4	27.2	25.3	23.6	22.2	21.7
Speed

Buster Bug Lv1 AVG DPS:
	1	2	3	4	5	6	Panels
1	19.2	15.1	12.5	10.6	9.2	8.6
2	20.6	16.3	13.7	11.7	10.4	9.7
3	21.2	17.3	14.7	12.7	11.4	10.8
4	23.6	20.3	17.7	15.8	14.2	13.4
5	24.4	22.5	20.8	19.4	18.2	17.5
Speed


Attack Lv5:

Buster Bug MAX DPS:
	1	2	3	4	5	6	Panels
1	166.7	136.4	115.4	100.0	88.2	78.9
2	176.5	142.9	125.0	107.1	96.8	88.2
3	176.5	150.0	130.4	115.4	103.4	96.8
4	187.5	166.7	150.0	136.4	125.0	115.4
5	187.5	176.5	166.7	157.9	150.0	142.9
Speed

Buster Bug Lv3 AVG DPS:
	1	2	3	4	5	6	Panels
1	32.7	26.5	22.3	19.3	16.9	16.6
2	34.7	29.0	24.3	21.3	19.1	18.8
3	36.6	30.6	26.3	23.1	21.2	20.9
4	41.5	36.1	32.0	28.8	26.1	25.6
5	44.1	40.9	38.1	35.7	33.6	33.2
Speed

Buster Bug Lv2 AVG DPS:
	1	2	3	4	5	6	Panels
1	27.9	22.4	18.7	16.0	14.0	13.4
2	29.8	24.3	20.3	17.6	15.8	15.2
3	31.0	25.7	22.0	19.1	17.4	16.9
4	35.0	30.3	26.7	23.8	21.6	20.8
5	36.7	34.0	31.6	29.5	27.7	27.1
Speed

Buster Bug Lv1 AVG DPS:
	1	2	3	4	5	6	Panels
1	24.1	18.9	15.6	13.3	11.6	10.7
2	25.8	20.4	17.1	14.6	13.0	12.2
3	26.5	21.7	18.3	15.9	14.2	13.5
4	29.5	25.3	22.2	19.7	17.8	16.7
5	30.5	28.1	26.0	24.3	22.7	21.8
Speed


Attack Lv6:

Buster Bug MAX DPS:
	1	2	3	4	5	6	Panels
1	200.0	163.6	138.5	120.0	105.9	94.7
2	211.8	171.4	150.0	128.6	116.1	105.9
3	211.8	180.0	156.5	138.5	124.1	116.1
4	225.0	200.0	180.0	163.6	150.0	138.5
5	225.0	211.8	200.0	189.5	180.0	171.4
Speed

Buster Bug Lv3 AVG DPS:
	1	2	3	4	5	6	Panels
1	39.3	31.9	26.8	23.1	20.3	19.9
2	41.7	34.8	29.1	25.6	23.0	22.5
3	43.9	36.7	31.6	27.7	25.4	25.1
4	49.8	43.4	38.4	34.5	31.3	30.8
5	52.9	49.1	45.8	42.9	40.3	39.9
Speed

Buster Bug Lv2 AVG DPS:
	1	2	3	4	5	6	Panels
1	33.5	26.8	22.4	19.2	16.8	16.1
2	35.7	29.2	24.4	21.2	18.9	18.2
3	37.2	30.9	26.3	23.0	20.9	20.3
4	41.9	36.3	32.0	28.6	25.9	25.0
5	44.1	40.8	37.9	35.4	33.2	32.5
Speed

Buster Bug Lv1 AVG DPS:
	1	2	3	4	5	6	Panels
1	28.9	22.7	18.7	15.9	13.9	12.8
2	31.0	24.5	20.5	17.5	15.6	14.6
3	31.8	26.0	22.0	19.1	17.1	16.2
4	35.4	30.4	26.6	23.7	21.3	20.1
5	36.6	33.7	31.2	29.1	27.3	26.2
Speed


Attack Lv7:

Buster Bug MAX DPS:
	1	2	3	4	5	6	Panels
1	233.3	190.9	161.5	140.0	123.5	110.5
2	247.1	200.0	175.0	150.0	135.5	123.5
3	247.1	210.0	182.6	161.5	144.8	135.5
4	262.5	233.3	210.0	190.9	175.0	161.5
5	262.5	247.1	233.3	221.1	210.0	200.0
Speed

Buster Bug Lv3 AVG DPS:
	1	2	3	4	5	6	Panels
1	45.8	37.2	31.3	27.0	23.7	23.2
2	48.6	40.6	34.0	29.9	26.8	26.3
3	51.2	42.9	36.8	32.3	29.6	29.2
4	58.1	50.6	44.8	40.3	36.5	35.9
5	61.8	57.3	53.4	50.0	47.0	46.5
Speed

Buster Bug Lv2 AVG DPS:
	1	2	3	4	5	6	Panels
1	39.1	31.3	26.1	22.4	19.6	18.7
2	41.7	34.1	28.5	24.7	22.1	21.3
3	43.4	36.0	30.7	26.8	24.3	23.7
4	48.9	42.4	37.3	33.4	30.2	29.1
5	51.4	47.5	44.2	41.3	38.8	37.9
Speed

Buster Bug Lv1 AVG DPS:
	1	2	3	4	5	6	Panels
1	33.7	26.5	21.9	18.6	16.2	15.0
2	36.1	28.6	24.0	20.4	18.2	17.0
3	37.1	30.3	25.7	22.2	19.9	19.0
4	41.3	35.5	31.1	27.6	24.9	23.4
5	42.7	39.3	36.4	34.0	31.8	30.6
Speed


Attack Lv8:

Buster Bug MAX DPS:
	1	2	3	4	5	6	Panels
1	266.7	218.2	184.6	160.0	141.2	126.3
2	282.4	228.6	200.0	171.4	154.8	141.2
3	282.4	240.0	208.7	184.6	165.5	154.8
4	300.0	266.7	240.0	218.2	200.0	184.6
5	300.0	282.4	266.7	252.6	240.0	228.6
Speed

Buster Bug Lv3 AVG DPS:
	1	2	3	4	5	6	Panels
1	52.4	42.5	35.7	30.8	27.1	26.5
2	55.6	46.5	38.8	34.1	30.6	30.1
3	58.5	49.0	42.1	36.9	33.9	33.4
4	66.4	57.8	51.2	46.0	41.7	41.0
5	70.6	65.5	61.0	57.1	53.7	53.1
Speed

Buster Bug Lv2 AVG DPS:
	1	2	3	4	5	6	Panels
1	44.7	35.8	29.8	25.6	22.4	21.4
2	47.6	38.9	32.5	28.2	25.3	24.3
3	49.7	41.1	35.1	30.6	27.8	27.0
4	55.9	48.4	42.7	38.1	34.5	33.3
5	58.8	54.3	50.5	47.2	44.3	43.3
Speed

Buster Bug Lv1 AVG DPS:
	1	2	3	4	5	6	Panels
1	38.5	30.3	25.0	21.3	18.5	17.1
2	41.3	32.7	27.4	23.3	20.8	19.4
3	42.4	34.7	29.3	25.4	22.7	21.7
4	47.3	40.5	35.5	31.6	28.4	26.7
5	48.8	44.9	41.6	38.8	36.3	34.9
Speed


Attack Lv9:

Buster Bug MAX DPS:
	1	2	3	4	5	6	Panels
1	300.0	245.5	207.7	180.0	158.8	142.1
2	317.6	257.1	225.0	192.9	174.2	158.8
3	317.6	270.0	234.8	207.7	186.2	174.2
4	337.5	300.0	270.0	245.5	225.0	207.7
5	337.5	317.6	300.0	284.2	270.0	257.1
Speed

Buster Bug Lv3 AVG DPS:
	1	2	3	4	5	6	Panels
1	58.9	47.8	40.2	34.7	30.5	29.8
2	62.5	52.3	43.7	38.4	34.5	33.8
3	65.9	55.1	47.4	41.5	38.1	37.6
4	74.7	65.1	57.7	51.8	47.0	46.2
5	79.4	73.6	68.6	64.3	60.4	59.8
Speed

Buster Bug Lv2 AVG DPS:
	1	2	3	4	5	6	Panels
1	50.2	40.2	33.6	28.8	25.2	24.1
2	53.6	43.8	36.6	31.8	28.4	27.3
3	55.9	46.3	39.5	34.5	31.3	30.4
4	62.9	54.5	48.0	42.9	38.8	37.5
5	66.1	61.1	56.8	53.1	49.8	48.7
Speed

Buster Bug Lv1 AVG DPS:
	1	2	3	4	5	6	Panels
1	43.3	34.1	28.1	23.9	20.8	19.2
2	46.4	36.8	30.8	26.2	23.4	21.9
3	47.7	39.0	33.0	28.6	25.6	24.4
4	53.2	45.6	39.9	35.5	32.0	30.1
5	54.9	50.5	46.8	43.7	40.9	39.3
Speed


Attack Lv10:

Buster Bug MAX DPS:
	1	2	3	4	5	6	Panels
1	333.3	272.7	230.8	200.0	176.5	157.9
2	352.9	285.7	250.0	214.3	193.5	176.5
3	352.9	300.0	260.9	230.8	206.9	193.5
4	375.0	333.3	300.0	272.7	250.0	230.8
5	375.0	352.9	333.3	315.8	300.0	285.7
Speed

Buster Bug Lv3 AVG DPS:
	1	2	3	4	5	6	Panels
1	65.5	53.1	44.7	38.5	33.9	33.1
2	69.5	58.1	48.5	42.7	38.3	37.6
3	73.2	61.2	52.6	46.2	42.4	41.8
4	82.9	72.3	64.1	57.5	52.2	51.3
5	88.2	81.8	76.3	71.4	67.2	66.4
Speed

Buster Bug Lv2 AVG DPS:
	1	2	3	4	5	6	Panels
1	55.8	44.7	37.3	32.0	28.0	26.8
2	59.5	48.6	40.7	35.3	31.6	30.4
3	62.1	51.4	43.9	38.3	34.8	33.8
4	69.9	60.5	53.3	47.7	43.1	41.6
5	73.5	67.9	63.2	59.0	55.4	54.1
Speed

Buster Bug Lv1 AVG DPS:
	1	2	3	4	5	6	Panels
1	48.1	37.9	31.2	26.6	23.1	21.4
2	51.6	40.9	34.2	29.2	26.0	24.3
3	53.0	43.3	36.7	31.8	28.4	27.1
4	59.1	50.7	44.4	39.4	35.5	33.4
5	61.0	56.2	52.1	48.5	45.4	43.7
Speed


