Attack Lv1:

Buster Bug MAX DPS:
	1	2	3	4	5	6	Panels
1	33.3	27.3	23.1	20.0	17.6	15.8
2	35.3	28.6	25.0	21.4	19.4	17.6
3	35.3	30.0	26.1	23.1	20.7	19.4
4	37.5	33.3	30.0	27.3	25.0	23.1
5	37.5	35.3	33.3	31.6	30.0	28.6
Speed

Buster Bug Lv3 AVG DPS:
	1	2	3	4	5	6	Panels
1	11.6	9.0	7.4	6.2	5.4	4.8
2	12.5	9.5	8.1	6.7	6.0	5.4
3	12.5	10.1	8.5	7.4	6.5	6.0
4	13.5	11.6	10.1	9.0	8.1	7.4
5	13.5	12.5	11.6	10.8	10.1	9.5
Speed

Buster Bug Lv2 AVG DPS:
	1	2	3	4	5	6	Panels
1	9.4	7.2	5.9	5.0	4.3	3.8
2	10.1	7.7	6.5	5.4	4.8	4.3
3	10.1	8.2	6.8	5.9	5.2	4.8
4	11.0	9.4	8.2	7.2	6.5	5.9
5	11.0	10.1	9.4	8.7	8.2	7.7
Speed

Buster Bug Lv1 AVG DPS:
	1	2	3	4	5	6	Panels
1	7.0	5.4	4.4	3.7	3.2	2.8
2	7.6	5.7	4.9	4.0	3.6	3.2
3	7.6	6.1	5.1	4.4	3.9	3.6
4	8.3	7.0	6.1	5.4	4.9	4.4
5	8.3	7.6	7.0	6.6	6.1	5.7
Speed


Attack Lv2:

Buster Bug MAX DPS:
	1	2	3	4	5	6	Panels
1	66.7	54.5	46.2	40.0	35.3	31.6
2	70.6	57.1	50.0	42.9	38.7	35.3
3	70.6	60.0	52.2	46.2	41.4	38.7
4	75.0	66.7	60.0	54.5	50.0	46.2
5	75.0	70.6	66.7	63.2	60.0	57.1
Speed

Buster Bug Lv3 AVG DPS:
	1	2	3	4	5	6	Panels
1	23.1	18.0	14.7	12.4	10.8	9.5
2	24.9	19.0	16.2	13.5	12.0	10.8
3	24.9	20.2	17.0	14.7	12.9	12.0
4	27.0	23.1	20.2	18.0	16.2	14.7
5	27.0	24.9	23.1	21.6	20.2	19.0
Speed

Buster Bug Lv2 AVG DPS:
	1	2	3	4	5	6	Panels
1	18.7	14.5	11.8	10.0	8.6	7.6
2	20.2	15.3	13.0	10.8	9.6	8.6
3	20.2	16.3	13.7	11.8	10.4	9.6
4	21.9	18.7	16.3	14.5	13.0	11.8
5	21.9	20.2	18.7	17.4	16.3	15.3
Speed

Buster Bug Lv1 AVG DPS:
	1	2	3	4	5	6	Panels
1	14.1	10.8	8.8	7.4	6.4	5.6
2	15.2	11.5	9.7	8.0	7.1	6.4
3	15.2	12.2	10.2	8.8	7.7	7.1
4	16.6	14.1	12.2	10.8	9.7	8.8
5	16.6	15.2	14.1	13.1	12.2	11.5
Speed


Attack Lv3:

Buster Bug MAX DPS:
	1	2	3	4	5	6	Panels
1	100.0	81.8	69.2	60.0	52.9	47.4
2	105.9	85.7	75.0	64.3	58.1	52.9
3	105.9	90.0	78.3	69.2	62.1	58.1
4	112.5	100.0	90.0	81.8	75.0	69.2
5	112.5	105.9	100.0	94.7	90.0	85.7
Speed

Buster Bug Lv3 AVG DPS:
	1	2	3	4	5	6	Panels
1	34.7	27.0	22.1	18.7	16.2	14.3
2	37.4	28.6	24.3	20.2	18.0	16.2
3	37.4	30.4	25.5	22.1	19.4	18.0
4	40.5	34.7	30.4	27.0	24.3	22.1
5	40.5	37.4	34.7	32.4	30.4	28.6
Speed

Buster Bug Lv2 AVG DPS:
	1	2	3	4	5	6	Panels
1	28.1	21.7	17.7	14.9	12.9	11.4
2	30.3	23.0	19.5	16.2	14.4	12.9
3	30.3	24.5	20.5	17.7	15.5	14.4
4	32.9	28.1	24.5	21.7	19.5	17.7
5	32.9	30.3	28.1	26.2	24.5	23.0
Speed

Buster Bug Lv1 AVG DPS:
	1	2	3	4	5	6	Panels
1	21.1	16.2	13.2	11.1	9.6	8.4
2	22.8	17.2	14.6	12.1	10.7	9.6
3	22.8	18.4	15.4	13.2	11.6	10.7
4	24.9	21.1	18.4	16.2	14.6	13.2
5	24.9	22.8	21.1	19.7	18.4	17.2
Speed


Attack Lv4:

Buster Bug MAX DPS:
	1	2	3	4	5	6	Panels
1	133.3	109.1	92.3	80.0	70.6	63.2
2	141.2	114.3	100.0	85.7	77.4	70.6
3	141.2	120.0	104.3	92.3	82.8	77.4
4	150.0	133.3	120.0	109.1	100.0	92.3
5	150.0	141.2	133.3	126.3	120.0	114.3
Speed

Buster Bug Lv3 AVG DPS:
	1	2	3	4	5	6	Panels
1	46.3	36.0	29.4	24.9	21.5	19.0
2	49.9	38.1	32.4	26.9	23.9	21.5
3	49.9	40.5	34.1	29.4	25.9	23.9
4	54.0	46.3	40.5	36.0	32.4	29.4
5	54.0	49.9	46.3	43.2	40.5	38.1
Speed

Buster Bug Lv2 AVG DPS:
	1	2	3	4	5	6	Panels
1	37.4	28.9	23.6	19.9	17.2	15.2
2	40.4	30.7	26.0	21.6	19.2	17.2
3	40.4	32.6	27.4	23.6	20.7	19.2
4	43.9	37.4	32.6	28.9	26.0	23.6
5	43.9	40.4	37.4	34.9	32.6	30.7
Speed

Buster Bug Lv1 AVG DPS:
	1	2	3	4	5	6	Panels
1	28.2	21.7	17.6	14.8	12.8	11.3
2	30.5	23.0	19.4	16.1	14.3	12.8
3	30.5	24.5	20.5	17.6	15.4	14.3
4	33.1	28.2	24.5	21.7	19.4	17.6
5	33.1	30.5	28.2	26.2	24.5	23.0
Speed


Attack Lv5:

Buster Bug MAX DPS:
	1	2	3	4	5	6	Panels
1	166.7	136.4	115.4	100.0	88.2	78.9
2	176.5	142.9	125.0	107.1	96.8	88.2
3	176.5	150.0	130.4	115.4	103.4	96.8
4	187.5	166.7	150.0	136.4	125.0	115.4
5	187.5	176.5	166.7	157.9	150.0	142.9
Speed

Buster Bug Lv3 AVG DPS:
	1	2	3	4	5	6	Panels
1	57.8	44.9	36.8	31.1	26.9	23.8
2	62.3	47.6	40.4	33.7	29.9	26.9
3	62.3	50.6	42.6	36.8	32.3	29.9
4	67.5	57.8	50.6	44.9	40.4	36.8
5	67.5	62.3	57.8	54.0	50.6	47.6
Speed

Buster Bug Lv2 AVG DPS:
	1	2	3	4	5	6	Panels
1	46.8	36.2	29.5	24.9	21.5	19.0
2	50.5	38.3	32.5	27.0	23.9	21.5
3	50.5	40.8	34.2	29.5	25.9	23.9
4	54.8	46.8	40.8	36.2	32.5	29.5
5	54.8	50.5	46.8	43.6	40.8	38.3
Speed

Buster Bug Lv1 AVG DPS:
	1	2	3	4	5	6	Panels
1	35.2	27.1	22.0	18.5	16.0	14.1
2	38.1	28.7	24.3	20.1	17.8	16.0
3	38.1	30.6	25.6	22.0	19.3	17.8
4	41.4	35.2	30.6	27.1	24.3	22.0
5	41.4	38.1	35.2	32.8	30.6	28.7
Speed


Attack Lv6:

Buster Bug MAX DPS:
	1	2	3	4	5	6	Panels
1	200.0	163.6	138.5	120.0	105.9	94.7
2	211.8	171.4	150.0	128.6	116.1	105.9
3	211.8	180.0	156.5	138.5	124.1	116.1
4	225.0	200.0	180.0	163.6	150.0	138.5
5	225.0	211.8	200.0	189.5	180.0	171.4
Speed

Buster Bug Lv3 AVG DPS:
	1	2	3	4	5	6	Panels
1	69.4	53.9	44.1	37.3	32.3	28.5
2	74.8	57.1	48.5	40.4	35.9	32.3
3	74.8	60.7	51.1	44.1	38.8	35.9
4	81.0	69.4	60.7	53.9	48.5	44.1
5	81.0	74.8	69.4	64.8	60.7	57.1
Speed

Buster Bug Lv2 AVG DPS:
	1	2	3	4	5	6	Panels
1	56.1	43.4	35.4	29.9	25.8	22.8
2	60.6	46.0	39.0	32.4	28.7	25.8
3	60.6	49.0	41.1	35.4	31.1	28.7
4	65.8	56.1	49.0	43.4	39.0	35.4
5	65.8	60.6	56.1	52.3	49.0	46.0
Speed

Buster Bug Lv1 AVG DPS:
	1	2	3	4	5	6	Panels
1	42.3	32.5	26.4	22.2	19.2	16.9
2	45.7	34.5	29.1	24.1	21.4	19.2
3	45.7	36.7	30.7	26.4	23.1	21.4
4	49.7	42.3	36.7	32.5	29.1	26.4
5	49.7	45.7	42.3	39.3	36.7	34.5
Speed


Attack Lv7:

Buster Bug MAX DPS:
	1	2	3	4	5	6	Panels
1	233.3	190.9	161.5	140.0	123.5	110.5
2	247.1	200.0	175.0	150.0	135.5	123.5
3	247.1	210.0	182.6	161.5	144.8	135.5
4	262.5	233.3	210.0	190.9	175.0	161.5
5	262.5	247.1	233.3	221.1	210.0	200.0
Speed

Buster Bug Lv3 AVG DPS:
	1	2	3	4	5	6	Panels
1	81.0	62.9	51.5	43.5	37.7	33.3
2	87.2	66.6	56.6	47.2	41.9	37.7
3	87.2	70.8	59.6	51.5	45.3	41.9
4	94.6	81.0	70.8	62.9	56.6	51.5
5	94.6	87.2	81.0	75.6	70.8	66.6
Speed

Buster Bug Lv2 AVG DPS:
	1	2	3	4	5	6	Panels
1	65.5	50.6	41.3	34.8	30.1	26.5
2	70.7	53.7	45.5	37.8	33.5	30.1
3	70.7	57.1	47.9	41.3	36.2	33.5
4	76.8	65.5	57.1	50.6	45.5	41.3
5	76.8	70.7	65.5	61.0	57.1	53.7
Speed

Buster Bug Lv1 AVG DPS:
	1	2	3	4	5	6	Panels
1	49.3	37.9	30.8	25.9	22.4	19.7
2	53.3	40.2	34.0	28.2	24.9	22.4
3	53.3	42.9	35.8	30.8	27.0	24.9
4	58.0	49.3	42.9	37.9	34.0	30.8
5	58.0	53.3	49.3	45.9	42.9	40.2
Speed


Attack Lv8:

Buster Bug MAX DPS:
	1	2	3	4	5	6	Panels
1	266.7	218.2	184.6	160.0	141.2	126.3
2	282.4	228.6	200.0	171.4	154.8	141.2
3	282.4	240.0	208.7	184.6	165.5	154.8
4	300.0	266.7	240.0	218.2	200.0	184.6
5	300.0	282.4	266.7	252.6	240.0	228.6
Speed

Buster Bug Lv3 AVG DPS:
	1	2	3	4	5	6	Panels
1	92.6	71.9	58.8	49.7	43.1	38.0
2	99.7	76.2	64.7	53.9	47.9	43.1
3	99.7	80.9	68.1	58.8	51.7	47.9
4	108.1	92.6	80.9	71.9	64.7	58.8
5	108.1	99.7	92.6	86.4	80.9	76.2
Speed

Buster Bug Lv2 AVG DPS:
	1	2	3	4	5	6	Panels
1	74.9	57.9	47.2	39.8	34.4	30.3
2	80.8	61.4	52.0	43.2	38.3	34.4
3	80.8	65.3	54.8	47.2	41.4	38.3
4	87.7	74.9	65.3	57.9	52.0	47.2
5	87.7	80.8	74.9	69.7	65.3	61.4
Speed

Buster Bug Lv1 AVG DPS:
	1	2	3	4	5	6	Panels
1	56.3	43.3	35.2	29.6	25.6	22.5
2	60.9	46.0	38.8	32.2	28.5	25.6
3	60.9	49.0	41.0	35.2	30.8	28.5
4	66.3	56.3	49.0	43.3	38.8	35.2
5	66.3	60.9	56.3	52.4	49.0	46.0
Speed


Attack Lv9:

Buster Bug MAX DPS:
	1	2	3	4	5	6	Panels
1	300.0	245.5	207.7	180.0	158.8	142.1
2	317.6	257.1	225.0	192.9	174.2	158.8
3	317.6	270.0	234.8	207.7	186.2	174.2
4	337.5	300.0	270.0	245.5	225.0	207.7
5	337.5	317.6	300.0	284.2	270.0	257.1
Speed

Buster Bug Lv3 AVG DPS:
	1	2	3	4	5	6	Panels
1	104.1	80.9	66.2	56.0	48.5	42.8
2	112.2	85.7	72.8	60.6	53.9	48.5
3	112.2	91.1	76.6	66.2	58.2	53.9
4	121.6	104.1	91.1	80.9	72.8	66.2
5	121.6	112.2	104.1	97.2	91.1	85.7
Speed

Buster Bug Lv2 AVG DPS:
	1	2	3	4	5	6	Panels
1	84.2	65.1	53.1	44.8	38.7	34.1
2	90.9	69.0	58.5	48.6	43.1	38.7
3	90.9	73.4	61.6	53.1	46.6	43.1
4	98.7	84.2	73.4	65.1	58.5	53.1
5	98.7	90.9	84.2	78.5	73.4	69.0
Speed

Buster Bug Lv1 AVG DPS:
	1	2	3	4	5	6	Panels
1	63.4	48.7	39.6	33.3	28.8	25.3
2	68.5	51.7	43.7	36.2	32.1	28.8
3	68.5	55.1	46.1	39.6	34.7	32.1
4	74.6	63.4	55.1	48.7	43.7	39.6
5	74.6	68.5	63.4	59.0	55.1	51.7
Speed


Attack Lv10:

Buster Bug MAX DPS:
	1	2	3	4	5	6	Panels
1	333.3	272.7	230.8	200.0	176.5	157.9
2	352.9	285.7	250.0	214.3	193.5	176.5
3	352.9	300.0	260.9	230.8	206.9	193.5
4	375.0	333.3	300.0	272.7	250.0	230.8
5	375.0	352.9	333.3	315.8	300.0	285.7
Speed

Buster Bug Lv3 AVG DPS:
	1	2	3	4	5	6	Panels
1	115.7	89.9	73.5	62.2	53.9	47.5
2	124.6	95.2	80.9	67.4	59.9	53.9
3	124.6	101.2	85.1	73.5	64.7	59.9
4	135.1	115.7	101.2	89.9	80.9	73.5
5	135.1	124.6	115.7	107.9	101.2	95.2
Speed

Buster Bug Lv2 AVG DPS:
	1	2	3	4	5	6	Panels
1	93.6	72.3	59.0	49.8	43.0	37.9
2	101.0	76.7	65.0	54.0	47.9	43.0
3	101.0	81.6	68.5	59.0	51.8	47.9
4	109.7	93.6	81.6	72.3	65.0	59.0
5	109.7	101.0	93.6	87.2	81.6	76.7
Speed

Buster Bug Lv1 AVG DPS:
	1	2	3	4	5	6	Panels
1	70.4	54.2	44.0	37.0	32.0	28.1
2	76.1	57.5	48.5	40.2	35.6	32.0
3	76.1	61.2	51.2	44.0	38.6	35.6
4	82.9	70.4	61.2	54.2	48.5	44.0
5	82.9	76.1	70.4	65.5	61.2	57.5
Speed


