Peashot DPS:
	1	2	3	4	5	6	Panels
1	30.0	21.4	16.7	13.6	11.5	10.0
2	33.3	23.1	18.8	15.0	13.0	11.5
3	33.3	25.0	20.0	16.7	14.3	13.0
4	37.5	30.0	25.0	21.4	18.8	16.7
5	37.5	33.3	30.0	27.3	25.0	23.1
Speed

Chargeshot DPS:
	1	2	3	4	5	6	Panels
1	40.0	38.0	36.1	34.5	33.0	31.6
2	40.5	38.5	37.0	35.3	34.1	33.0
3	40.5	39.0	37.5	36.1	34.9	34.1
4	41.1	40.0	39.0	38.0	37.0	36.1
5	41.1	40.5	40.0	39.5	39.0	38.5
Speed

Buster Bug MAX DPS:
	1	2	3	4	5	6	Panels
1	200.0	157.9	130.4	111.1	96.8	85.7
2	214.3	166.7	142.9	120.0	107.1	96.8
3	214.3	176.5	150.0	130.4	115.4	107.1
4	230.8	200.0	176.5	157.9	142.9	130.4
5	230.8	214.3	200.0	187.5	176.5	166.7
Speed

Buster Bug Lv3 AVG DPS:
	1	2	3	4	5	6	Panels
1	73.7	54.0	42.6	35.1	29.9	26.1
2	81.1	57.8	47.6	38.5	33.7	29.9
3	81.1	62.3	50.6	42.6	36.8	33.7
4	90.2	73.7	62.3	54.0	47.6	42.6
5	90.2	81.1	73.7	67.5	62.3	57.8
Speed

Buster Bug Lv2 AVG DPS:
	1	2	3	4	5	6	Panels
1	60.0	43.6	34.2	28.2	23.9	20.8
2	66.2	46.8	38.3	30.9	27.0	23.9
3	66.2	50.5	40.8	34.2	29.5	27.0
4	73.9	60.0	50.5	43.6	38.3	34.2
5	73.9	66.2	60.0	54.8	50.5	46.8
Speed

Buster Bug Lv1 AVG DPS:
	1	2	3	4	5	6	Panels
1	45.5	32.8	25.6	21.0	17.8	15.5
2	50.3	35.2	28.7	23.1	20.1	17.8
3	50.3	38.1	30.6	25.6	22.0	20.1
4	56.4	45.5	38.1	32.8	28.7	25.6
5	56.4	50.3	45.5	41.4	38.1	35.2
Speed

Gregar vulcan:	60.0
Falzar feather:	37.5 >25.0<

DPS (w/ Flashing)*unknown cooldown, assume 20f

Gregar cross DPS:
Heat:	76.5 (65.0)
Elec:	85.7 (70.0)
Slash:	117.1 (80.0)*
Erase:	53.5 (53.5)
Charge:	73.6 (65.0)

Falzar cross DPS:
Spout:	97.7 (35.0)*
Toma:	61.8 (61.8)*
Tengu:	82.4 (82.4)*
Ground:	81.2 (81.2)
Dust:	75.9 (50.0)*

Giga chip DPS:
BugRSwrd:	78.9*
BgDthThd:	54.3*