Speed Lv1 @ 1 panels
	1	2	3	4	5	Attack
1	5.2	10.4	15.7	20.9	26.1
2	5.7	11.4	17.1	22.9	28.6
3	6.3	12.6	18.9	25.3	31.6
4	7.1	14.1	21.2	28.2	35.3
5	8.0	16.0	24.0	32.0	40.0
Charge

Speed Lv1 @ 2 panels
	1	2	3	4	5	Attack
1	5.0	10.1	15.1	20.2	25.2
2	5.5	11.0	16.5	22.0	27.5
3	6.1	12.1	18.2	24.2	30.3
4	6.7	13.5	20.2	27.0	33.7
5	7.6	15.2	22.8	30.4	38.0
Charge

Speed Lv1 @ 3 panels
	1	2	3	4	5	Attack
1	4.9	9.8	14.6	19.5	24.4
2	5.3	10.6	15.9	21.2	26.5
3	5.8	11.7	17.5	23.3	29.1
4	6.5	12.9	19.4	25.8	32.3
5	7.2	14.5	21.7	28.9	36.1
Charge

Speed Lv1 @ 4 panels
	1	2	3	4	5	Attack
1	4.7	9.4	14.2	18.9	23.6
2	5.1	10.3	15.4	20.5	25.6
3	5.6	11.2	16.8	22.4	28.0
4	6.2	12.4	18.6	24.7	30.9
5	6.9	13.8	20.7	27.6	34.5
Charge

Speed Lv1 @ 5 panels
	1	2	3	4	5	Attack
1	4.6	9.2	13.7	18.3	22.9
2	5.0	9.9	14.9	19.8	24.8
3	5.4	10.8	16.2	21.6	27.0
4	5.9	11.9	17.8	23.8	29.7
5	6.6	13.2	19.8	26.4	33.0
Charge

Speed Lv1 @ 6 panels
	1	2	3	4	5	Attack
1	4.4	8.9	13.3	17.8	22.2
2	4.8	9.6	14.4	19.2	24.0
3	5.2	10.4	15.7	20.9	26.1
4	5.7	11.4	17.1	22.9	28.6
5	6.3	12.6	18.9	25.3	31.6
Charge

Speed Lv2 @ 1 panels
	1	2	3	4	5	Attack
1	5.3	10.5	15.8	21.1	26.3
2	5.8	11.5	17.3	23.1	28.8
3	6.4	12.8	19.1	25.5	31.9
4	7.1	14.3	21.4	28.6	35.7
5	8.1	16.2	24.3	32.4	40.5
Charge

Speed Lv2 @ 2 panels
	1	2	3	4	5	Attack
1	5.1	10.2	15.3	20.3	25.4
2	5.6	11.1	16.7	22.2	27.8
3	6.1	12.2	18.4	24.5	30.6
4	6.8	13.6	20.5	27.3	34.1
5	7.7	15.4	23.1	30.8	38.5
Charge

Speed Lv2 @ 3 panels
	1	2	3	4	5	Attack
1	5.0	9.9	14.9	19.8	24.8
2	5.4	10.8	16.2	21.6	27.0
3	5.9	11.9	17.8	23.8	29.7
4	6.6	13.2	19.8	26.4	33.0
5	7.4	14.8	22.2	29.6	37.0
Charge

Speed Lv2 @ 4 panels
	1	2	3	4	5	Attack
1	4.8	9.6	14.4	19.2	24.0
2	5.2	10.4	15.7	20.9	26.1
3	5.7	11.4	17.1	22.9	28.6
4	6.3	12.6	18.9	25.3	31.6
5	7.1	14.1	21.2	28.2	35.3
Charge

Speed Lv2 @ 5 panels
	1	2	3	4	5	Attack
1	4.7	9.4	14.1	18.8	23.4
2	5.1	10.2	15.3	20.3	25.4
3	5.6	11.1	16.7	22.2	27.8
4	6.1	12.2	18.4	24.5	30.6
5	6.8	13.6	20.5	27.3	34.1
Charge

Speed Lv2 @ 6 panels
	1	2	3	4	5	Attack
1	4.6	9.2	13.7	18.3	22.9
2	5.0	9.9	14.9	19.8	24.8
3	5.4	10.8	16.2	21.6	27.0
4	5.9	11.9	17.8	23.8	29.7
5	6.6	13.2	19.8	26.4	33.0
Charge

Speed Lv3 @ 1 panels
	1	2	3	4	5	Attack
1	5.3	10.5	15.8	21.1	26.3
2	5.8	11.5	17.3	23.1	28.8
3	6.4	12.8	19.1	25.5	31.9
4	7.1	14.3	21.4	28.6	35.7
5	8.1	16.2	24.3	32.4	40.5
Charge

Speed Lv3 @ 2 panels
	1	2	3	4	5	Attack
1	5.1	10.3	15.4	20.5	25.6
2	5.6	11.2	16.8	22.4	28.0
3	6.2	12.4	18.6	24.7	30.9
4	6.9	13.8	20.7	27.6	34.5
5	7.8	15.6	23.4	31.2	39.0
Charge

Speed Lv3 @ 3 panels
	1	2	3	4	5	Attack
1	5.0	10.0	15.0	20.0	25.0
2	5.5	10.9	16.4	21.8	27.3
3	6.0	12.0	18.0	24.0	30.0
4	6.7	13.3	20.0	26.7	33.3
5	7.5	15.0	22.5	30.0	37.5
Charge

Speed Lv3 @ 4 panels
	1	2	3	4	5	Attack
1	4.9	9.8	14.6	19.5	24.4
2	5.3	10.6	15.9	21.2	26.5
3	5.8	11.7	17.5	23.3	29.1
4	6.5	12.9	19.4	25.8	32.3
5	7.2	14.5	21.7	28.9	36.1
Charge

Speed Lv3 @ 5 panels
	1	2	3	4	5	Attack
1	4.8	9.5	14.3	19.0	23.8
2	5.2	10.3	15.5	20.7	25.9
3	5.7	11.3	17.0	22.6	28.3
4	6.2	12.5	18.8	25.0	31.2
5	7.0	14.0	20.9	27.9	34.9
Charge

Speed Lv3 @ 6 panels
	1	2	3	4	5	Attack
1	4.7	9.4	14.1	18.8	23.4
2	5.1	10.2	15.3	20.3	25.4
3	5.6	11.1	16.7	22.2	27.8
4	6.1	12.2	18.4	24.5	30.6
5	6.8	13.6	20.5	27.3	34.1
Charge

Speed Lv4 @ 1 panels
	1	2	3	4	5	Attack
1	5.3	10.6	15.9	21.2	26.5
2	5.8	11.7	17.5	23.3	29.1
3	6.5	12.9	19.4	25.8	32.3
4	7.2	14.5	21.7	28.9	36.1
5	8.2	16.4	24.7	32.9	41.1
Charge

Speed Lv4 @ 2 panels
	1	2	3	4	5	Attack
1	5.2	10.4	15.7	20.9	26.1
2	5.7	11.4	17.1	22.9	28.6
3	6.3	12.6	18.9	25.3	31.6
4	7.1	14.1	21.2	28.2	35.3
5	8.0	16.0	24.0	32.0	40.0
Charge

Speed Lv4 @ 3 panels
	1	2	3	4	5	Attack
1	5.1	10.3	15.4	20.5	25.6
2	5.6	11.2	16.8	22.4	28.0
3	6.2	12.4	18.6	24.7	30.9
4	6.9	13.8	20.7	27.6	34.5
5	7.8	15.6	23.4	31.2	39.0
Charge

Speed Lv4 @ 4 panels
	1	2	3	4	5	Attack
1	5.0	10.1	15.1	20.2	25.2
2	5.5	11.0	16.5	22.0	27.5
3	6.1	12.1	18.2	24.2	30.3
4	6.7	13.5	20.2	27.0	33.7
5	7.6	15.2	22.8	30.4	38.0
Charge

Speed Lv4 @ 5 panels
	1	2	3	4	5	Attack
1	5.0	9.9	14.9	19.8	24.8
2	5.4	10.8	16.2	21.6	27.0
3	5.9	11.9	17.8	23.8	29.7
4	6.6	13.2	19.8	26.4	33.0
5	7.4	14.8	22.2	29.6	37.0
Charge

Speed Lv4 @ 6 panels
	1	2	3	4	5	Attack
1	4.9	9.8	14.6	19.5	24.4
2	5.3	10.6	15.9	21.2	26.5
3	5.8	11.7	17.5	23.3	29.1
4	6.5	12.9	19.4	25.8	32.3
5	7.2	14.5	21.7	28.9	36.1
Charge

Speed Lv5 @ 1 panels
	1	2	3	4	5	Attack
1	5.3	10.6	15.9	21.2	26.5
2	5.8	11.7	17.5	23.3	29.1
3	6.5	12.9	19.4	25.8	32.3
4	7.2	14.5	21.7	28.9	36.1
5	8.2	16.4	24.7	32.9	41.1
Charge

Speed Lv5 @ 2 panels
	1	2	3	4	5	Attack
1	5.3	10.5	15.8	21.1	26.3
2	5.8	11.5	17.3	23.1	28.8
3	6.4	12.8	19.1	25.5	31.9
4	7.1	14.3	21.4	28.6	35.7
5	8.1	16.2	24.3	32.4	40.5
Charge

Speed Lv5 @ 3 panels
	1	2	3	4	5	Attack
1	5.2	10.4	15.7	20.9	26.1
2	5.7	11.4	17.1	22.9	28.6
3	6.3	12.6	18.9	25.3	31.6
4	7.1	14.1	21.2	28.2	35.3
5	8.0	16.0	24.0	32.0	40.0
Charge

Speed Lv5 @ 4 panels
	1	2	3	4	5	Attack
1	5.2	10.3	15.5	20.7	25.9
2	5.7	11.3	17.0	22.6	28.3
3	6.2	12.5	18.8	25.0	31.2
4	7.0	14.0	20.9	27.9	34.9
5	7.9	15.8	23.7	31.6	39.5
Charge

Speed Lv5 @ 5 panels
	1	2	3	4	5	Attack
1	5.1	10.3	15.4	20.5	25.6
2	5.6	11.2	16.8	22.4	28.0
3	6.2	12.4	18.6	24.7	30.9
4	6.9	13.8	20.7	27.6	34.5
5	7.8	15.6	23.4	31.2	39.0
Charge

Speed Lv5 @ 6 panels
	1	2	3	4	5	Attack
1	5.1	10.2	15.3	20.3	25.4
2	5.6	11.1	16.7	22.2	27.8
3	6.1	12.2	18.4	24.5	30.6
4	6.8	13.6	20.5	27.3	34.1
5	7.7	15.4	23.1	30.8	38.5
Charge

