Attack Lv1:
	1	2	3	4	5	6	Panels
1	4.6	3.5	2.9	2.4	2.1	1.8
2	5.0	3.8	3.2	2.6	2.3	2.1
3	5.0	4.0	3.3	2.9	2.5	2.3
4	5.5	4.6	4.0	3.5	3.2	2.9
5	5.5	5.0	4.6	4.3	4.0	3.8
Speed

Attack Lv2:
	1	2	3	4	5	6	Panels
1	9.2	7.1	5.7	4.8	4.1	3.6
2	10.0	7.5	6.3	5.2	4.6	4.1
3	10.0	8.0	6.7	5.7	5.0	4.6
4	10.9	9.2	8.0	7.1	6.3	5.7
5	10.9	10.0	9.2	8.6	8.0	7.5
Speed

Attack Lv3:
	1	2	3	4	5	6	Panels
1	13.8	10.6	8.6	7.2	6.2	5.5
2	15.0	11.2	9.5	7.8	6.9	6.2
3	15.0	12.0	10.0	8.6	7.5	6.9
4	16.4	13.8	12.0	10.6	9.5	8.6
5	16.4	15.0	13.8	12.9	12.0	11.2
Speed

Attack Lv4:
	1	2	3	4	5	6	Panels
1	18.5	14.1	11.4	9.6	8.3	7.3
2	20.0	15.0	12.6	10.4	9.2	8.3
3	20.0	16.0	13.3	11.4	10.0	9.2
4	21.8	18.5	16.0	14.1	12.6	11.4
5	21.8	20.0	18.5	17.1	16.0	15.0
Speed

Attack Lv5:
	1	2	3	4	5	6	Panels
1	23.1	17.6	14.3	12.0	10.3	9.1
2	25.0	18.8	15.8	13.0	11.5	10.3
3	25.0	20.0	16.7	14.3	12.5	11.5
4	27.3	23.1	20.0	17.6	15.8	14.3
5	27.3	25.0	23.1	21.4	20.0	18.8
Speed

Attack Lv6:
	1	2	3	4	5	6	Panels
1	27.7	21.2	17.1	14.4	12.4	10.9
2	30.0	22.5	18.9	15.7	13.8	12.4
3	30.0	24.0	20.0	17.1	15.0	13.8
4	32.7	27.7	24.0	21.2	18.9	17.1
5	32.7	30.0	27.7	25.7	24.0	22.5
Speed

Attack Lv7:
	1	2	3	4	5	6	Panels
1	32.3	24.7	20.0	16.8	14.5	12.7
2	35.0	26.2	22.1	18.3	16.2	14.5
3	35.0	28.0	23.3	20.0	17.5	16.2
4	38.2	32.3	28.0	24.7	22.1	20.0
5	38.2	35.0	32.3	30.0	28.0	26.2
Speed

Attack Lv8:
	1	2	3	4	5	6	Panels
1	36.9	28.2	22.9	19.2	16.6	14.5
2	40.0	30.0	25.3	20.9	18.5	16.6
3	40.0	32.0	26.7	22.9	20.0	18.5
4	43.6	36.9	32.0	28.2	25.3	22.9
5	43.6	40.0	36.9	34.3	32.0	30.0
Speed

Attack Lv9:
	1	2	3	4	5	6	Panels
1	41.5	31.8	25.7	21.6	18.6	16.4
2	45.0	33.8	28.4	23.5	20.8	18.6
3	45.0	36.0	30.0	25.7	22.5	20.8
4	49.1	41.5	36.0	31.8	28.4	25.7
5	49.1	45.0	41.5	38.6	36.0	33.8
Speed

Attack Lv10:
	1	2	3	4	5	6	Panels
1	46.2	35.3	28.6	24.0	20.7	18.2
2	50.0	37.5	31.6	26.1	23.1	20.7
3	50.0	40.0	33.3	28.6	25.0	23.1
4	54.5	46.2	40.0	35.3	31.6	28.6
5	54.5	50.0	46.2	42.9	40.0	37.5
Speed

